{
 "cells": [
  {
   "cell_type": "code",
   "execution_count": 5,
   "metadata": {},
   "outputs": [
    {
     "data": {
      "text/html": [
       "<div>\n",
       "<style scoped>\n",
       "    .dataframe tbody tr th:only-of-type {\n",
       "        vertical-align: middle;\n",
       "    }\n",
       "\n",
       "    .dataframe tbody tr th {\n",
       "        vertical-align: top;\n",
       "    }\n",
       "\n",
       "    .dataframe thead th {\n",
       "        text-align: right;\n",
       "    }\n",
       "</style>\n",
       "<table border=\"1\" class=\"dataframe\">\n",
       "  <thead>\n",
       "    <tr style=\"text-align: right;\">\n",
       "      <th></th>\n",
       "      <th>Class label</th>\n",
       "      <th>Alcohol</th>\n",
       "      <th>Malic acid</th>\n",
       "      <th>Ash</th>\n",
       "      <th>Alcalinity of ash</th>\n",
       "      <th>Magnesium</th>\n",
       "      <th>Total phenols</th>\n",
       "      <th>Flavanoids</th>\n",
       "      <th>Nonflavanoid phenols</th>\n",
       "      <th>Proanthocyanins</th>\n",
       "      <th>Color intensity</th>\n",
       "      <th>Hue</th>\n",
       "      <th>OD280/OD315 of diluted wines</th>\n",
       "      <th>Proline</th>\n",
       "    </tr>\n",
       "  </thead>\n",
       "  <tbody>\n",
       "    <tr>\n",
       "      <th>0</th>\n",
       "      <td>1</td>\n",
       "      <td>13.20</td>\n",
       "      <td>1.78</td>\n",
       "      <td>2.14</td>\n",
       "      <td>11.2</td>\n",
       "      <td>100</td>\n",
       "      <td>2.65</td>\n",
       "      <td>2.76</td>\n",
       "      <td>0.26</td>\n",
       "      <td>1.28</td>\n",
       "      <td>4.38</td>\n",
       "      <td>1.05</td>\n",
       "      <td>3.40</td>\n",
       "      <td>1050</td>\n",
       "    </tr>\n",
       "    <tr>\n",
       "      <th>1</th>\n",
       "      <td>1</td>\n",
       "      <td>13.16</td>\n",
       "      <td>2.36</td>\n",
       "      <td>2.67</td>\n",
       "      <td>18.6</td>\n",
       "      <td>101</td>\n",
       "      <td>2.80</td>\n",
       "      <td>3.24</td>\n",
       "      <td>0.30</td>\n",
       "      <td>2.81</td>\n",
       "      <td>5.68</td>\n",
       "      <td>1.03</td>\n",
       "      <td>3.17</td>\n",
       "      <td>1185</td>\n",
       "    </tr>\n",
       "    <tr>\n",
       "      <th>2</th>\n",
       "      <td>1</td>\n",
       "      <td>14.37</td>\n",
       "      <td>1.95</td>\n",
       "      <td>2.50</td>\n",
       "      <td>16.8</td>\n",
       "      <td>113</td>\n",
       "      <td>3.85</td>\n",
       "      <td>3.49</td>\n",
       "      <td>0.24</td>\n",
       "      <td>2.18</td>\n",
       "      <td>7.80</td>\n",
       "      <td>0.86</td>\n",
       "      <td>3.45</td>\n",
       "      <td>1480</td>\n",
       "    </tr>\n",
       "    <tr>\n",
       "      <th>3</th>\n",
       "      <td>1</td>\n",
       "      <td>13.24</td>\n",
       "      <td>2.59</td>\n",
       "      <td>2.87</td>\n",
       "      <td>21.0</td>\n",
       "      <td>118</td>\n",
       "      <td>2.80</td>\n",
       "      <td>2.69</td>\n",
       "      <td>0.39</td>\n",
       "      <td>1.82</td>\n",
       "      <td>4.32</td>\n",
       "      <td>1.04</td>\n",
       "      <td>2.93</td>\n",
       "      <td>735</td>\n",
       "    </tr>\n",
       "    <tr>\n",
       "      <th>4</th>\n",
       "      <td>1</td>\n",
       "      <td>14.20</td>\n",
       "      <td>1.76</td>\n",
       "      <td>2.45</td>\n",
       "      <td>15.2</td>\n",
       "      <td>112</td>\n",
       "      <td>3.27</td>\n",
       "      <td>3.39</td>\n",
       "      <td>0.34</td>\n",
       "      <td>1.97</td>\n",
       "      <td>6.75</td>\n",
       "      <td>1.05</td>\n",
       "      <td>2.85</td>\n",
       "      <td>1450</td>\n",
       "    </tr>\n",
       "  </tbody>\n",
       "</table>\n",
       "</div>"
      ],
      "text/plain": [
       "   Class label  Alcohol  Malic acid   Ash  Alcalinity of ash  Magnesium  \\\n",
       "0            1    13.20        1.78  2.14               11.2        100   \n",
       "1            1    13.16        2.36  2.67               18.6        101   \n",
       "2            1    14.37        1.95  2.50               16.8        113   \n",
       "3            1    13.24        2.59  2.87               21.0        118   \n",
       "4            1    14.20        1.76  2.45               15.2        112   \n",
       "\n",
       "   Total phenols  Flavanoids  Nonflavanoid phenols  Proanthocyanins  \\\n",
       "0           2.65        2.76                  0.26             1.28   \n",
       "1           2.80        3.24                  0.30             2.81   \n",
       "2           3.85        3.49                  0.24             2.18   \n",
       "3           2.80        2.69                  0.39             1.82   \n",
       "4           3.27        3.39                  0.34             1.97   \n",
       "\n",
       "   Color intensity   Hue  OD280/OD315 of diluted wines  Proline  \n",
       "0             4.38  1.05                          3.40     1050  \n",
       "1             5.68  1.03                          3.17     1185  \n",
       "2             7.80  0.86                          3.45     1480  \n",
       "3             4.32  1.04                          2.93      735  \n",
       "4             6.75  1.05                          2.85     1450  "
      ]
     },
     "execution_count": 5,
     "metadata": {},
     "output_type": "execute_result"
    }
   ],
   "source": [
    "import pandas as pd\n",
    "\n",
    "df_wine = pd.read_csv('./python-machine-learning-book-2nd-edition-master/code/ch04/wine.data')\n",
    "df_wine.columns = ['Class label', 'Alcohol', 'Malic acid', 'Ash',\n",
    "                   'Alcalinity of ash', 'Magnesium', 'Total phenols',\n",
    "                   'Flavanoids', 'Nonflavanoid phenols', 'Proanthocyanins',\n",
    "                   'Color intensity', 'Hue', 'OD280/OD315 of diluted wines',\n",
    "                   'Proline']\n",
    "df_wine.head()"
   ]
  },
  {
   "cell_type": "code",
   "execution_count": 6,
   "metadata": {},
   "outputs": [],
   "source": [
    "#Wineデータの標準化\n",
    "\n",
    "from sklearn.cross_validation import train_test_split\n",
    "from sklearn.preprocessing import StandardScaler\n",
    "\n",
    "X, y =df_wine.iloc[:,1:].values, df_wine.iloc[:,0].values\n",
    "\n",
    "X_train, X_test, y_train, y_test = train_test_split(X, y, test_size=0.3, stratify=y, random_state=0)\n",
    "\n",
    "sc = StandardScaler()\n",
    "X_train_std = sc.fit_transform(X_train)\n",
    "X_test_std = sc.transform(X_test)\n",
    "\n",
    "# pd.DataFrame(X_train_std)"
   ]
  },
  {
   "cell_type": "code",
   "execution_count": 40,
   "metadata": {},
   "outputs": [],
   "source": [
    "#クラス内分散の算出（その1）\n",
    "import numpy as np\n",
    "\n",
    "np.set_printoptions(precision=3)\n",
    "mean_vecs=[]\n",
    "for label in range(1,len(np.unique(y))+1):\n",
    "    mean_vecs.append(np.mean(X_train_std[y_train==label], axis=0))\n",
    "\n",
    "d = len(X[0,:]) #13\n",
    "S_W = np.zeros((d, d))\n",
    "\n",
    "for label, mv in zip(range(1,len(np.unique(y))+1), mean_vecs): #classごと\n",
    "    \n",
    "    class_scatter = np.zeros((d, d))\n",
    "    \n",
    "    for row in X_train_std[y_train==label]: #classごとのデータを回す\n",
    "        row, mv = row.reshape(d,1), mv.reshape(d,1)\n",
    "        class_scatter +=(row - mv).dot((row - mv).T)\n",
    "        \n",
    "    #print(pd.DataFrame(class_scatter))\n",
    "    S_W += class_scatter\n",
    "    \n",
    "\n",
    "#pd.DataFrame(S_W[5])"
   ]
  },
  {
   "cell_type": "code",
   "execution_count": 44,
   "metadata": {},
   "outputs": [
    {
     "data": {
      "text/html": [
       "<div>\n",
       "<style scoped>\n",
       "    .dataframe tbody tr th:only-of-type {\n",
       "        vertical-align: middle;\n",
       "    }\n",
       "\n",
       "    .dataframe tbody tr th {\n",
       "        vertical-align: top;\n",
       "    }\n",
       "\n",
       "    .dataframe thead th {\n",
       "        text-align: right;\n",
       "    }\n",
       "</style>\n",
       "<table border=\"1\" class=\"dataframe\">\n",
       "  <thead>\n",
       "    <tr style=\"text-align: right;\">\n",
       "      <th></th>\n",
       "      <th>0</th>\n",
       "      <th>1</th>\n",
       "      <th>2</th>\n",
       "      <th>3</th>\n",
       "      <th>4</th>\n",
       "      <th>5</th>\n",
       "      <th>6</th>\n",
       "      <th>7</th>\n",
       "      <th>8</th>\n",
       "      <th>9</th>\n",
       "      <th>10</th>\n",
       "      <th>11</th>\n",
       "      <th>12</th>\n",
       "    </tr>\n",
       "  </thead>\n",
       "  <tbody>\n",
       "    <tr>\n",
       "      <th>0</th>\n",
       "      <td>1.285679</td>\n",
       "      <td>0.086898</td>\n",
       "      <td>-0.026281</td>\n",
       "      <td>-0.054954</td>\n",
       "      <td>-0.091642</td>\n",
       "      <td>0.242113</td>\n",
       "      <td>0.072576</td>\n",
       "      <td>0.071083</td>\n",
       "      <td>0.108596</td>\n",
       "      <td>0.459730</td>\n",
       "      <td>0.088840</td>\n",
       "      <td>-0.042405</td>\n",
       "      <td>0.170195</td>\n",
       "    </tr>\n",
       "    <tr>\n",
       "      <th>1</th>\n",
       "      <td>0.086898</td>\n",
       "      <td>2.291816</td>\n",
       "      <td>0.149621</td>\n",
       "      <td>0.366291</td>\n",
       "      <td>-0.213878</td>\n",
       "      <td>-0.027312</td>\n",
       "      <td>-0.006053</td>\n",
       "      <td>0.174454</td>\n",
       "      <td>0.066462</td>\n",
       "      <td>-0.372754</td>\n",
       "      <td>-0.447990</td>\n",
       "      <td>0.088105</td>\n",
       "      <td>-0.304211</td>\n",
       "    </tr>\n",
       "    <tr>\n",
       "      <th>2</th>\n",
       "      <td>-0.026281</td>\n",
       "      <td>0.149621</td>\n",
       "      <td>2.635468</td>\n",
       "      <td>1.466693</td>\n",
       "      <td>0.483261</td>\n",
       "      <td>0.405813</td>\n",
       "      <td>0.344855</td>\n",
       "      <td>0.420529</td>\n",
       "      <td>-0.042344</td>\n",
       "      <td>0.153390</td>\n",
       "      <td>0.175682</td>\n",
       "      <td>0.181351</td>\n",
       "      <td>0.052654</td>\n",
       "    </tr>\n",
       "    <tr>\n",
       "      <th>3</th>\n",
       "      <td>-0.054954</td>\n",
       "      <td>0.366291</td>\n",
       "      <td>1.466693</td>\n",
       "      <td>1.968915</td>\n",
       "      <td>0.044137</td>\n",
       "      <td>0.137520</td>\n",
       "      <td>0.160555</td>\n",
       "      <td>0.325303</td>\n",
       "      <td>-0.028863</td>\n",
       "      <td>-0.000652</td>\n",
       "      <td>-0.016489</td>\n",
       "      <td>0.193156</td>\n",
       "      <td>-0.139706</td>\n",
       "    </tr>\n",
       "    <tr>\n",
       "      <th>4</th>\n",
       "      <td>-0.091642</td>\n",
       "      <td>-0.213878</td>\n",
       "      <td>0.483261</td>\n",
       "      <td>0.044137</td>\n",
       "      <td>2.494044</td>\n",
       "      <td>0.205570</td>\n",
       "      <td>0.168542</td>\n",
       "      <td>-0.451636</td>\n",
       "      <td>0.336541</td>\n",
       "      <td>0.220927</td>\n",
       "      <td>0.127632</td>\n",
       "      <td>-0.209735</td>\n",
       "      <td>0.294165</td>\n",
       "    </tr>\n",
       "    <tr>\n",
       "      <th>5</th>\n",
       "      <td>0.242113</td>\n",
       "      <td>-0.027312</td>\n",
       "      <td>0.405813</td>\n",
       "      <td>0.137520</td>\n",
       "      <td>0.205570</td>\n",
       "      <td>1.383208</td>\n",
       "      <td>0.655859</td>\n",
       "      <td>-0.018653</td>\n",
       "      <td>0.791030</td>\n",
       "      <td>0.483431</td>\n",
       "      <td>-0.057982</td>\n",
       "      <td>0.408136</td>\n",
       "      <td>0.174636</td>\n",
       "    </tr>\n",
       "    <tr>\n",
       "      <th>6</th>\n",
       "      <td>0.072576</td>\n",
       "      <td>-0.006053</td>\n",
       "      <td>0.344855</td>\n",
       "      <td>0.160555</td>\n",
       "      <td>0.168542</td>\n",
       "      <td>0.655859</td>\n",
       "      <td>0.709195</td>\n",
       "      <td>-0.226212</td>\n",
       "      <td>0.570069</td>\n",
       "      <td>0.405449</td>\n",
       "      <td>-0.081984</td>\n",
       "      <td>0.237620</td>\n",
       "      <td>0.059504</td>\n",
       "    </tr>\n",
       "    <tr>\n",
       "      <th>7</th>\n",
       "      <td>0.071083</td>\n",
       "      <td>0.174454</td>\n",
       "      <td>0.420529</td>\n",
       "      <td>0.325303</td>\n",
       "      <td>-0.451636</td>\n",
       "      <td>-0.018653</td>\n",
       "      <td>-0.226212</td>\n",
       "      <td>2.082233</td>\n",
       "      <td>-0.306730</td>\n",
       "      <td>0.034262</td>\n",
       "      <td>0.171533</td>\n",
       "      <td>-0.375986</td>\n",
       "      <td>0.003167</td>\n",
       "    </tr>\n",
       "    <tr>\n",
       "      <th>8</th>\n",
       "      <td>0.108596</td>\n",
       "      <td>0.066462</td>\n",
       "      <td>-0.042344</td>\n",
       "      <td>-0.028863</td>\n",
       "      <td>0.336541</td>\n",
       "      <td>0.791030</td>\n",
       "      <td>0.570069</td>\n",
       "      <td>-0.306730</td>\n",
       "      <td>2.228688</td>\n",
       "      <td>0.718724</td>\n",
       "      <td>-0.252587</td>\n",
       "      <td>0.249967</td>\n",
       "      <td>0.186638</td>\n",
       "    </tr>\n",
       "    <tr>\n",
       "      <th>9</th>\n",
       "      <td>0.459730</td>\n",
       "      <td>-0.372754</td>\n",
       "      <td>0.153390</td>\n",
       "      <td>-0.000652</td>\n",
       "      <td>0.220927</td>\n",
       "      <td>0.483431</td>\n",
       "      <td>0.405449</td>\n",
       "      <td>0.034262</td>\n",
       "      <td>0.718724</td>\n",
       "      <td>1.603395</td>\n",
       "      <td>-0.335486</td>\n",
       "      <td>-0.123179</td>\n",
       "      <td>0.284192</td>\n",
       "    </tr>\n",
       "    <tr>\n",
       "      <th>10</th>\n",
       "      <td>0.088840</td>\n",
       "      <td>-0.447990</td>\n",
       "      <td>0.175682</td>\n",
       "      <td>-0.016489</td>\n",
       "      <td>0.127632</td>\n",
       "      <td>-0.057982</td>\n",
       "      <td>-0.081984</td>\n",
       "      <td>0.171533</td>\n",
       "      <td>-0.252587</td>\n",
       "      <td>-0.335486</td>\n",
       "      <td>1.333552</td>\n",
       "      <td>0.017671</td>\n",
       "      <td>0.183298</td>\n",
       "    </tr>\n",
       "    <tr>\n",
       "      <th>11</th>\n",
       "      <td>-0.042405</td>\n",
       "      <td>0.088105</td>\n",
       "      <td>0.181351</td>\n",
       "      <td>0.193156</td>\n",
       "      <td>-0.209735</td>\n",
       "      <td>0.408136</td>\n",
       "      <td>0.237620</td>\n",
       "      <td>-0.375986</td>\n",
       "      <td>0.249967</td>\n",
       "      <td>-0.123179</td>\n",
       "      <td>0.017671</td>\n",
       "      <td>0.875071</td>\n",
       "      <td>-0.120266</td>\n",
       "    </tr>\n",
       "    <tr>\n",
       "      <th>12</th>\n",
       "      <td>0.170195</td>\n",
       "      <td>-0.304211</td>\n",
       "      <td>0.052654</td>\n",
       "      <td>-0.139706</td>\n",
       "      <td>0.294165</td>\n",
       "      <td>0.174636</td>\n",
       "      <td>0.059504</td>\n",
       "      <td>0.003167</td>\n",
       "      <td>0.186638</td>\n",
       "      <td>0.284192</td>\n",
       "      <td>0.183298</td>\n",
       "      <td>-0.120266</td>\n",
       "      <td>0.734974</td>\n",
       "    </tr>\n",
       "  </tbody>\n",
       "</table>\n",
       "</div>"
      ],
      "text/plain": [
       "          0         1         2         3         4         5         6   \\\n",
       "0   1.285679  0.086898 -0.026281 -0.054954 -0.091642  0.242113  0.072576   \n",
       "1   0.086898  2.291816  0.149621  0.366291 -0.213878 -0.027312 -0.006053   \n",
       "2  -0.026281  0.149621  2.635468  1.466693  0.483261  0.405813  0.344855   \n",
       "3  -0.054954  0.366291  1.466693  1.968915  0.044137  0.137520  0.160555   \n",
       "4  -0.091642 -0.213878  0.483261  0.044137  2.494044  0.205570  0.168542   \n",
       "5   0.242113 -0.027312  0.405813  0.137520  0.205570  1.383208  0.655859   \n",
       "6   0.072576 -0.006053  0.344855  0.160555  0.168542  0.655859  0.709195   \n",
       "7   0.071083  0.174454  0.420529  0.325303 -0.451636 -0.018653 -0.226212   \n",
       "8   0.108596  0.066462 -0.042344 -0.028863  0.336541  0.791030  0.570069   \n",
       "9   0.459730 -0.372754  0.153390 -0.000652  0.220927  0.483431  0.405449   \n",
       "10  0.088840 -0.447990  0.175682 -0.016489  0.127632 -0.057982 -0.081984   \n",
       "11 -0.042405  0.088105  0.181351  0.193156 -0.209735  0.408136  0.237620   \n",
       "12  0.170195 -0.304211  0.052654 -0.139706  0.294165  0.174636  0.059504   \n",
       "\n",
       "          7         8         9         10        11        12  \n",
       "0   0.071083  0.108596  0.459730  0.088840 -0.042405  0.170195  \n",
       "1   0.174454  0.066462 -0.372754 -0.447990  0.088105 -0.304211  \n",
       "2   0.420529 -0.042344  0.153390  0.175682  0.181351  0.052654  \n",
       "3   0.325303 -0.028863 -0.000652 -0.016489  0.193156 -0.139706  \n",
       "4  -0.451636  0.336541  0.220927  0.127632 -0.209735  0.294165  \n",
       "5  -0.018653  0.791030  0.483431 -0.057982  0.408136  0.174636  \n",
       "6  -0.226212  0.570069  0.405449 -0.081984  0.237620  0.059504  \n",
       "7   2.082233 -0.306730  0.034262  0.171533 -0.375986  0.003167  \n",
       "8  -0.306730  2.228688  0.718724 -0.252587  0.249967  0.186638  \n",
       "9   0.034262  0.718724  1.603395 -0.335486 -0.123179  0.284192  \n",
       "10  0.171533 -0.252587 -0.335486  1.333552  0.017671  0.183298  \n",
       "11 -0.375986  0.249967 -0.123179  0.017671  0.875071 -0.120266  \n",
       "12  0.003167  0.186638  0.284192  0.183298 -0.120266  0.734974  "
      ]
     },
     "execution_count": 44,
     "metadata": {},
     "output_type": "execute_result"
    }
   ],
   "source": [
    "#クラス内分散S_Wの算出（その2）\n",
    "import numpy as np\n",
    "\n",
    "np.set_printoptions(precision=3)\n",
    "mean_vecs=[]\n",
    "for label in range(1,len(np.unique(y))+1):\n",
    "    mean_vecs.append(np.mean(X_train_std[y_train==label], axis=0))\n",
    "\n",
    "d = len(X[0,:]) #13\n",
    "S_W = np.zeros((d, d))\n",
    "\n",
    "for label, mv in zip(range(1,len(np.unique(y))+1), mean_vecs):\n",
    "    class_scatter = np.cov(X_train_std[y_train==label].T)\n",
    "    S_W += class_scatter\n",
    "    \n",
    "pd.DataFrame(S_W)"
   ]
  },
  {
   "cell_type": "code",
   "execution_count": 50,
   "metadata": {},
   "outputs": [
    {
     "data": {
      "text/html": [
       "<div>\n",
       "<style scoped>\n",
       "    .dataframe tbody tr th:only-of-type {\n",
       "        vertical-align: middle;\n",
       "    }\n",
       "\n",
       "    .dataframe tbody tr th {\n",
       "        vertical-align: top;\n",
       "    }\n",
       "\n",
       "    .dataframe thead th {\n",
       "        text-align: right;\n",
       "    }\n",
       "</style>\n",
       "<table border=\"1\" class=\"dataframe\">\n",
       "  <thead>\n",
       "    <tr style=\"text-align: right;\">\n",
       "      <th></th>\n",
       "      <th>0</th>\n",
       "      <th>1</th>\n",
       "      <th>2</th>\n",
       "      <th>3</th>\n",
       "      <th>4</th>\n",
       "      <th>5</th>\n",
       "      <th>6</th>\n",
       "      <th>7</th>\n",
       "      <th>8</th>\n",
       "      <th>9</th>\n",
       "      <th>10</th>\n",
       "      <th>11</th>\n",
       "      <th>12</th>\n",
       "    </tr>\n",
       "  </thead>\n",
       "  <tbody>\n",
       "    <tr>\n",
       "      <th>0</th>\n",
       "      <td>70.921644</td>\n",
       "      <td>6.936433</td>\n",
       "      <td>26.814965</td>\n",
       "      <td>-39.392972</td>\n",
       "      <td>33.949238</td>\n",
       "      <td>24.718968</td>\n",
       "      <td>19.716625</td>\n",
       "      <td>-13.565255</td>\n",
       "      <td>4.924713</td>\n",
       "      <td>51.952554</td>\n",
       "      <td>-3.427350</td>\n",
       "      <td>-1.152436</td>\n",
       "      <td>72.765327</td>\n",
       "    </tr>\n",
       "    <tr>\n",
       "      <th>1</th>\n",
       "      <td>6.936433</td>\n",
       "      <td>31.685547</td>\n",
       "      <td>7.273462</td>\n",
       "      <td>20.014523</td>\n",
       "      <td>-0.306704</td>\n",
       "      <td>-39.592551</td>\n",
       "      <td>-49.751739</td>\n",
       "      <td>32.220801</td>\n",
       "      <td>-29.755250</td>\n",
       "      <td>34.413696</td>\n",
       "      <td>-45.615725</td>\n",
       "      <td>-51.488022</td>\n",
       "      <td>-16.962113</td>\n",
       "    </tr>\n",
       "    <tr>\n",
       "      <th>2</th>\n",
       "      <td>26.814965</td>\n",
       "      <td>7.273462</td>\n",
       "      <td>10.836140</td>\n",
       "      <td>-11.314275</td>\n",
       "      <td>12.291928</td>\n",
       "      <td>3.044843</td>\n",
       "      <td>-0.296928</td>\n",
       "      <td>-0.097037</td>\n",
       "      <td>-2.673319</td>\n",
       "      <td>24.042554</td>\n",
       "      <td>-8.087607</td>\n",
       "      <td>-8.141653</td>\n",
       "      <td>23.900393</td>\n",
       "    </tr>\n",
       "    <tr>\n",
       "      <th>3</th>\n",
       "      <td>-39.392972</td>\n",
       "      <td>20.014523</td>\n",
       "      <td>-11.314275</td>\n",
       "      <td>40.252118</td>\n",
       "      <td>-21.648783</td>\n",
       "      <td>-46.066748</td>\n",
       "      <td>-50.731532</td>\n",
       "      <td>33.357496</td>\n",
       "      <td>-26.009848</td>\n",
       "      <td>-6.278405</td>\n",
       "      <td>-32.950361</td>\n",
       "      <td>-38.905332</td>\n",
       "      <td>-58.951413</td>\n",
       "    </tr>\n",
       "    <tr>\n",
       "      <th>4</th>\n",
       "      <td>33.949238</td>\n",
       "      <td>-0.306704</td>\n",
       "      <td>12.291928</td>\n",
       "      <td>-21.648783</td>\n",
       "      <td>16.675324</td>\n",
       "      <td>16.746807</td>\n",
       "      <td>15.483400</td>\n",
       "      <td>-10.417752</td>\n",
       "      <td>5.894377</td>\n",
       "      <td>21.437797</td>\n",
       "      <td>3.656094</td>\n",
       "      <td>5.458007</td>\n",
       "      <td>37.648427</td>\n",
       "    </tr>\n",
       "    <tr>\n",
       "      <th>5</th>\n",
       "      <td>24.718968</td>\n",
       "      <td>-39.592551</td>\n",
       "      <td>3.044843</td>\n",
       "      <td>-46.066748</td>\n",
       "      <td>16.746807</td>\n",
       "      <td>65.533211</td>\n",
       "      <td>76.891062</td>\n",
       "      <td>-50.180071</td>\n",
       "      <td>42.683077</td>\n",
       "      <td>-21.633810</td>\n",
       "      <td>60.153964</td>\n",
       "      <td>69.204420</td>\n",
       "      <td>57.984933</td>\n",
       "    </tr>\n",
       "    <tr>\n",
       "      <th>6</th>\n",
       "      <td>19.716625</td>\n",
       "      <td>-49.751739</td>\n",
       "      <td>-0.296928</td>\n",
       "      <td>-50.731532</td>\n",
       "      <td>15.483400</td>\n",
       "      <td>76.891062</td>\n",
       "      <td>91.617429</td>\n",
       "      <td>-59.685462</td>\n",
       "      <td>51.765455</td>\n",
       "      <td>-34.445888</td>\n",
       "      <td>74.516966</td>\n",
       "      <td>85.307698</td>\n",
       "      <td>60.361825</td>\n",
       "    </tr>\n",
       "    <tr>\n",
       "      <th>7</th>\n",
       "      <td>-13.565255</td>\n",
       "      <td>32.220801</td>\n",
       "      <td>-0.097037</td>\n",
       "      <td>33.357496</td>\n",
       "      <td>-10.417752</td>\n",
       "      <td>-50.180071</td>\n",
       "      <td>-59.685462</td>\n",
       "      <td>38.890720</td>\n",
       "      <td>-33.656163</td>\n",
       "      <td>21.798706</td>\n",
       "      <td>-48.334782</td>\n",
       "      <td>-55.364045</td>\n",
       "      <td>-39.969538</td>\n",
       "    </tr>\n",
       "    <tr>\n",
       "      <th>8</th>\n",
       "      <td>4.924713</td>\n",
       "      <td>-29.755250</td>\n",
       "      <td>-2.673319</td>\n",
       "      <td>-26.009848</td>\n",
       "      <td>5.894377</td>\n",
       "      <td>42.683077</td>\n",
       "      <td>51.765455</td>\n",
       "      <td>-33.656163</td>\n",
       "      <td>29.827778</td>\n",
       "      <td>-24.996367</td>\n",
       "      <td>43.917742</td>\n",
       "      <td>50.019105</td>\n",
       "      <td>28.533474</td>\n",
       "    </tr>\n",
       "    <tr>\n",
       "      <th>9</th>\n",
       "      <td>51.952554</td>\n",
       "      <td>34.413696</td>\n",
       "      <td>24.042554</td>\n",
       "      <td>-6.278405</td>\n",
       "      <td>21.437797</td>\n",
       "      <td>-21.633810</td>\n",
       "      <td>-34.445888</td>\n",
       "      <td>21.798706</td>\n",
       "      <td>-24.996367</td>\n",
       "      <td>65.805386</td>\n",
       "      <td>-45.345685</td>\n",
       "      <td>-49.444860</td>\n",
       "      <td>30.524688</td>\n",
       "    </tr>\n",
       "    <tr>\n",
       "      <th>10</th>\n",
       "      <td>-3.427350</td>\n",
       "      <td>-45.615725</td>\n",
       "      <td>-8.087607</td>\n",
       "      <td>-32.950361</td>\n",
       "      <td>3.656094</td>\n",
       "      <td>60.153964</td>\n",
       "      <td>74.516966</td>\n",
       "      <td>-48.334782</td>\n",
       "      <td>43.917742</td>\n",
       "      <td>-45.345685</td>\n",
       "      <td>66.289932</td>\n",
       "      <td>75.080377</td>\n",
       "      <td>31.646538</td>\n",
       "    </tr>\n",
       "    <tr>\n",
       "      <th>11</th>\n",
       "      <td>-1.152436</td>\n",
       "      <td>-51.488022</td>\n",
       "      <td>-8.141653</td>\n",
       "      <td>-38.905332</td>\n",
       "      <td>5.458007</td>\n",
       "      <td>69.204420</td>\n",
       "      <td>85.307698</td>\n",
       "      <td>-55.364045</td>\n",
       "      <td>50.019105</td>\n",
       "      <td>-49.444860</td>\n",
       "      <td>75.080377</td>\n",
       "      <td>85.141792</td>\n",
       "      <td>38.713556</td>\n",
       "    </tr>\n",
       "    <tr>\n",
       "      <th>12</th>\n",
       "      <td>72.765327</td>\n",
       "      <td>-16.962113</td>\n",
       "      <td>23.900393</td>\n",
       "      <td>-58.951413</td>\n",
       "      <td>37.648427</td>\n",
       "      <td>57.984933</td>\n",
       "      <td>60.361825</td>\n",
       "      <td>-39.969538</td>\n",
       "      <td>28.533474</td>\n",
       "      <td>30.524688</td>\n",
       "      <td>31.646538</td>\n",
       "      <td>38.713556</td>\n",
       "      <td>93.355596</td>\n",
       "    </tr>\n",
       "  </tbody>\n",
       "</table>\n",
       "</div>"
      ],
      "text/plain": [
       "           0          1          2          3          4          5   \\\n",
       "0   70.921644   6.936433  26.814965 -39.392972  33.949238  24.718968   \n",
       "1    6.936433  31.685547   7.273462  20.014523  -0.306704 -39.592551   \n",
       "2   26.814965   7.273462  10.836140 -11.314275  12.291928   3.044843   \n",
       "3  -39.392972  20.014523 -11.314275  40.252118 -21.648783 -46.066748   \n",
       "4   33.949238  -0.306704  12.291928 -21.648783  16.675324  16.746807   \n",
       "5   24.718968 -39.592551   3.044843 -46.066748  16.746807  65.533211   \n",
       "6   19.716625 -49.751739  -0.296928 -50.731532  15.483400  76.891062   \n",
       "7  -13.565255  32.220801  -0.097037  33.357496 -10.417752 -50.180071   \n",
       "8    4.924713 -29.755250  -2.673319 -26.009848   5.894377  42.683077   \n",
       "9   51.952554  34.413696  24.042554  -6.278405  21.437797 -21.633810   \n",
       "10  -3.427350 -45.615725  -8.087607 -32.950361   3.656094  60.153964   \n",
       "11  -1.152436 -51.488022  -8.141653 -38.905332   5.458007  69.204420   \n",
       "12  72.765327 -16.962113  23.900393 -58.951413  37.648427  57.984933   \n",
       "\n",
       "           6          7          8          9          10         11  \\\n",
       "0   19.716625 -13.565255   4.924713  51.952554  -3.427350  -1.152436   \n",
       "1  -49.751739  32.220801 -29.755250  34.413696 -45.615725 -51.488022   \n",
       "2   -0.296928  -0.097037  -2.673319  24.042554  -8.087607  -8.141653   \n",
       "3  -50.731532  33.357496 -26.009848  -6.278405 -32.950361 -38.905332   \n",
       "4   15.483400 -10.417752   5.894377  21.437797   3.656094   5.458007   \n",
       "5   76.891062 -50.180071  42.683077 -21.633810  60.153964  69.204420   \n",
       "6   91.617429 -59.685462  51.765455 -34.445888  74.516966  85.307698   \n",
       "7  -59.685462  38.890720 -33.656163  21.798706 -48.334782 -55.364045   \n",
       "8   51.765455 -33.656163  29.827778 -24.996367  43.917742  50.019105   \n",
       "9  -34.445888  21.798706 -24.996367  65.805386 -45.345685 -49.444860   \n",
       "10  74.516966 -48.334782  43.917742 -45.345685  66.289932  75.080377   \n",
       "11  85.307698 -55.364045  50.019105 -49.444860  75.080377  85.141792   \n",
       "12  60.361825 -39.969538  28.533474  30.524688  31.646538  38.713556   \n",
       "\n",
       "           12  \n",
       "0   72.765327  \n",
       "1  -16.962113  \n",
       "2   23.900393  \n",
       "3  -58.951413  \n",
       "4   37.648427  \n",
       "5   57.984933  \n",
       "6   60.361825  \n",
       "7  -39.969538  \n",
       "8   28.533474  \n",
       "9   30.524688  \n",
       "10  31.646538  \n",
       "11  38.713556  \n",
       "12  93.355596  "
      ]
     },
     "execution_count": 50,
     "metadata": {},
     "output_type": "execute_result"
    }
   ],
   "source": [
    "#クラス間分散S_B\n",
    "\n",
    "mean_overall = np.mean(X_train_std, axis=0)\n",
    "\n",
    "d = len(X[0,:]) #13\n",
    "S_B = np.zeros((d, d))\n",
    "\n",
    "for i, mean_vec in enumerate(mean_vecs):\n",
    "    n = X_train[y_train==i+1,:].shape[0]\n",
    "    \n",
    "    mean_vec = mean_vec.reshape(d, 1)\n",
    "    mean_overall = mean_overall.reshape(d, 1)\n",
    "    \n",
    "    S_B += n*(mean_vec - mean_overall).dot((mean_vec - mean_overall).T)\n",
    "\n",
    "pd.DataFrame(S_B)"
   ]
  },
  {
   "cell_type": "code",
   "execution_count": 58,
   "metadata": {},
   "outputs": [
    {
     "name": "stdout",
     "output_type": "stream",
     "text": [
      "367.63277079266226\n",
      "163.57771427996252\n",
      "6.554833765945586e-14\n",
      "2.853548020407183e-14\n",
      "2.842170943040401e-14\n",
      "2.158412973225544e-14\n",
      "2.158412973225544e-14\n",
      "1.240752777725382e-14\n",
      "1.240752777725382e-14\n",
      "1.2015115690849383e-14\n",
      "8.896381594830664e-15\n",
      "2.598408226652739e-15\n",
      "2.598408226652739e-15\n",
      "[[-0.118 -0.345]\n",
      " [ 0.054 -0.198]\n",
      " [ 0.013 -0.276]\n",
      " [ 0.146  0.276]\n",
      " [-0.011 -0.037]\n",
      " [ 0.186  0.071]\n",
      " [-0.748  0.26 ]\n",
      " [-0.053  0.057]\n",
      " [ 0.009  0.155]\n",
      " [ 0.274 -0.271]\n",
      " [-0.09   0.24 ]\n",
      " [-0.35   0.005]\n",
      " [-0.399 -0.676]]\n"
     ]
    }
   ],
   "source": [
    "#変換行列算出\n",
    "\n",
    "eigen_vals, eigen_vecs = np.linalg.eig(np.linalg.inv(S_W).dot(S_B))\n",
    "\n",
    "eigen_pairs = [(np.abs(eigen_vals[i]), eigen_vecs[:,i]) for i in range(len(eigen_vals))]\n",
    "\n",
    "eigen_pairs = sorted(eigen_pairs, key=lambda k:k[0], reverse=True)\n",
    "\n",
    "for eigen_val in eigen_pairs:\n",
    "    print(eigen_val[0])\n",
    "\n",
    "w = np.hstack((eigen_pairs[0][1][:, np.newaxis].real, eigen_pairs[1][1][:, np.newaxis].real))\n",
    "\n",
    "print(w)"
   ]
  },
  {
   "cell_type": "code",
   "execution_count": 56,
   "metadata": {},
   "outputs": [
    {
     "data": {
